5.221 7.970 -5.737
7.156 11.718 39.441
18.321 6.460 34.899
17.874 2.114 22.510
8.420 -12.505 -10.965
-2.383 10.053 -29.932
-1.913 6.412 -18.056
5.369 7.750 -35.547
13.203 11.261 -2.190
6.175 -16.953 -23.935
-10.448 -4.433 -12.449
-12.386 -8.179 6.301
-7.411 12.227 -42.300
-14.523 -14.064 12.938
-14.390 -9.387 22.657
0.299 2.814 -8.500
9.442 -8.024 13.539
3.926 17.186 21.619
-13.955 16.516 27.561
-15.891 3.303 2.872
-14.755 0.658 -10.244
-12.721 -7.837 -17.137
-6.209 2.485 -12.024
-20.265 11.173 -6.632
17.099 -6.756 -28.605
-14.039 -5.460 15.123
-8.963 4.445 -21.998
10.903 15.382 -2.407
-14.882 12.663 38.859
-13.251 -4.749 -7.347
3.502 -5.044 -36.214
-6.978 8.372 -33.204
19.302 -12.671 -39.659
9.825 -3.666 -1.635
8.966 -16.003 9.548
1.369 -13.017 -15.457
-3.084 -11.130 19.348
-14.065 16.874 -33.840
-0.369 2.834 -45.882
-15.129 0.110 5.075
0.385 14.506 36.084
-1.475 4.068 -28.962
-13.072 4.426 20.573
-15.251 10.092 40.481
-10.811 -3.773 -18.734
1.483 -18.191 -1.359
0.170 -2.933 -23.250
-2.565 -10.757 15.264
-18.851 -18.730 -7.191
14.075 -7.302 23.103
10.364 -9.477 -1.100
-0.812 -9.991 -17.599
-1.938 11.396 24.839
8.696 4.105 23.448
5.485 13.510 -30.093
10.226 1.143 20.635
-6.557 -18.345 -4.921
19.176 0.433 -29.669
3.802 9.740 -10.904
-6.420 6.927 18.985
5.128 -10.083 -9.048
-13.829 6.972 42.985
-8.163 1.277 25.675
11.912 -9.290 -15.740
13.552 -7.717 45.229
-1.092 1.445 17.430
-6.226 10.086 -13.043
7.510 -5.563 0.460
3.029 -4.505 -48.280
7.252 -6.554 -48.367
-0.390 3.050 -14.068
1.499 8.869 33.078
-19.224 11.973 12.248
-2.139 3.589 25.430
-7.789 -0.873 9.330
1.782 7.879 -16.401
21.078 -4.751 13.611
2.270 -2.426 -1.380
-14.568 1.703 -22.253
5.329 -13.637 9.837
-17.616 -17.275 -20.687
6.109 9.324 11.532
10.184 -3.209 36.437
-10.314 -12.885 23.563
-0.506 4.006 19.003
0.846 4.584 -2.833
-4.759 6.427 -20.461
21.012 9.357 -8.746
-2.755 9.942 14.638
-3.145 -1.863 30.208
7.015 19.044 11.287
1.605 6.865 27.015
3.089 -18.337 22.948
16.250 -3.115 19.257
7.497 10.537 10.546
-1.942 6.636 21.592
12.243 12.165 45.503
-4.949 -2.973 26.123
2.674 3.211 15.453
-6.139 5.086 1.098
4.922 -16.148 5.721
4.625 -16.175 6.568
5.971 -15.592 5.881
2.010 -16.462 8.044
10.191 -18.279 -11.736
10.870 -18.509 -12.062
9.259 -18.849 -12.360
13.843 -17.617 -11.549
18.551 7.992 47.261
18.857 7.291 46.987
18.983 9.101 46.805
18.481 4.506 47.788
-5.758 18.853 -31.167
-5.074 18.310 -30.665
-6.423 17.860 -31.447
-2.663 17.846 -29.261
-16.157 4.617 10.338
-16.756 4.348 10.547
-15.477 5.485 11.191
-18.708 2.186 9.362
-25.079 -16.217 23.684
-6.292 -16.485 24.028
8.711 -15.976 25.008
-21.619 -16.844 23.571
8.023 0.607 -42.048
8.645 1.275 -42.314
8.078 -0.103 -43.036
9.174 3.914 -41.995
-21.876 3.417 22.443
-22.079 3.185 23.158
-20.889 2.942 22.081
-23.340 3.942 25.611
24.055 17.628 -20.016
24.107 16.913 -19.548
23.111 17.151 -20.916
18.422 15.709 -17.179
-3.167 -0.650 -14.629
-3.359 -0.143 -15.418
-4.234 -0.663 -14.069
-2.224 1.812 -17.727
7.317 3.787 -32.948
7.154 2.943 -32.737
8.296 3.534 -33.951
5.443 1.000 -31.527
12.059 4.135 42.941
12.716 4.392 42.377
12.253 5.346 43.710
14.078 3.861 39.955
17.993 -11.389 5.801
18.445 -10.722 5.946
18.311 -12.016 6.757
19.717 -8.265 4.645
-24.067 -7.074 -30.358
-23.460 -6.624 -30.270
-24.233 -7.858 -29.342
-21.767 -4.400 -31.940
7.914 -14.607 17.718
7.565 -13.971 17.039
8.551 -15.206 16.995
6.156 -11.624 16.061
-21.038 -7.023 48.057
-21.551 -6.420 47.955
-19.700 -6.513 47.763
-24.313 -5.290 48.591
-2.789 14.550 -36.519
-2.587 14.451 -37.359
-6.768 14.227 -35.766
7.606 14.853 -40.247
3.241 7.168 40.359
3.253 7.061 41.282
2.317 6.585 39.987
4.372 6.998 43.894
22.819 -7.580 -47.769
22.328 -6.951 -47.698
23.830 -7.271 -46.634
19.459 -6.285 -48.901
5.144 4.531 28.118
4.972 5.325 28.252
4.469 4.504 26.791
6.059 7.075 30.522
9.101 -6.667 -4.550
8.792 -6.737 -3.668
8.203 16.645 -4.999
9.287 -20.989 -0.807
-9.137 19.685 35.698
-9.435 10.404 35.835
-9.821 18.916 36.354
-8.608 -7.083 35.892
-6.034 1.787 40.967
-5.781 2.577 41.247
-6.887 2.378 39.879
-3.630 3.431 43.295
3.725 -7.684 28.226
2.898 -7.433 28.550
3.670 -8.681 27.597
1.698 -6.024 30.576
-16.497 7.854 29.196
-16.285 7.589 30.057
-17.616 8.720 29.835
-13.932 5.985 30.849
-1.340 9.153 46.399
-0.647 9.092 45.818
-0.634 9.492 47.428
0.055 8.107 43.476
-24.067 -15.903 12.765
-13.336 -15.973 12.924
-12.579 -16.920 11.726
7.576 -14.587 13.980
-12.674 9.965 -27.524
-13.291 9.286 -27.442
-13.151 10.620 -28.343
-14.019 6.521 -26.011
-14.309 -12.242 -40.304
8.082 -11.846 -40.709
-13.627 -15.353 -39.643
23.416 -6.685 -41.792
-14.140 6.823 4.948
-3.116 6.026 4.994
-6.499 6.274 5.051
23.941 5.198 5.819
-14.680 20.804 -7.006
-15.284 11.516 -7.219
-13.433 11.648 -6.957
-18.008 2.586 -7.485
-10.780 -1.729 44.386
-10.658 -0.904 44.202
-11.415 -1.723 45.381
-9.037 0.895 43.101
18.410 -3.057 21.738
19.012 -2.642 21.462
18.090 -4.083 20.667
21.022 -0.446 22.939
-17.135 -7.397 -30.937
-17.881 -7.814 -31.108
-17.287 -6.192 -31.832
-19.082 -9.938 -29.785
18.599 8.230 -26.285
19.297 8.242 -26.857
19.518 8.278 -25.052
20.194 8.761 -29.531
-18.151 -7.729 25.003
-18.336 -8.030 25.693
-19.275 -8.430 24.313
-17.604 -7.121 28.518
10.703 -11.176 -39.136
10.875 -10.295 -39.382
12.035 -11.577 -39.531
9.760 -7.372 -39.392
16.074 16.515 -18.392
15.824 16.680 -19.347
17.125 15.927 -18.729
13.952 17.074 -21.366
-24.408 6.217 41.931
-24.513 6.495 42.572
-24.859 5.031 41.471
-23.875 9.223 44.572
-17.968 11.089 -4.302
-18.433 11.388 -3.712
-17.889 9.868 -4.315
-19.550 14.224 -2.493
14.199 -13.311 7.600
14.290 -12.824 6.863
18.419 -12.652 8.175
-18.626 -11.913 4.666
12.984 0.050 16.338
13.443 -0.256 15.528
11.936 -0.818 16.076
16.210 -0.036 14.093
22.495 17.664 42.514
23.084 17.509 43.056
21.677 16.512 42.449
14.283 18.732 43.897
20.894 15.104 30.210
21.262 14.743 29.612
19.603 15.063 30.073
23.860 14.751 28.152
25.552 10.606 -18.918
-8.542 9.772 -19.070
2.528 10.648 -17.676
-13.911 7.922 -21.188
12.542 3.380 -8.377
12.144 4.103 -8.842
12.062 2.432 -8.904
11.509 6.946 -8.627
-5.852 -4.900 48.119
-6.643 -5.323 47.953
-5.120 -5.849 48.143
-9.797 -5.178 47.897
8.954 18.887 -27.068
9.726 19.242 -27.039
8.442 19.003 -25.896
12.457 19.765 -28.896
22.724 -20.582 20.234
22.165 -19.947 19.899
21.565 -11.006 21.199
21.915 -17.816 17.843
-15.452 4.463 1.330
-15.288 5.405 1.576
-15.357 4.848 0.114
-14.392 7.180 3.606
