-9.064 -14.297 -19.321
-10.328 -14.583 -22.024
-11.936 -14.361 -23.124
-13.518 -9.945 -18.556
-23.604 15.768 14.631
-23.696 17.386 17.033
-22.454 15.534 19.002
-21.256 13.930 18.970
-15.240 12.990 20.821
23.143 1.797 34.509
22.499 4.276 36.821
24.362 3.186 38.920
24.865 1.480 39.713
21.741 2.553 34.929
5.055 18.648 -1.185
7.530 19.968 -1.284
9.754 18.876 -2.889
10.352 17.032 -3.374
11.095 16.018 3.370
18.228 14.808 48.660
18.985 16.557 46.504
21.647 17.829 47.168
23.363 17.677 48.098
20.967 15.595 43.644
-0.338 -11.780 6.187
-2.431 -12.789 4.585
-4.669 -13.908 6.143
-6.146 -13.741 7.384
-4.684 -10.424 7.754
15.288 11.106 17.128
17.306 10.872 14.548
15.622 12.905 13.191
14.982 14.782 13.099
14.019 14.519 6.448
-3.095 6.536 -48.687
-2.786 4.986 -46.385
0.699 4.179 -47.456
0.853 2.556 -48.399
0.953 1.268 -47.919
-8.653 -9.173 -41.421
-9.419 -11.677 -40.359
-10.436 -11.378 -37.145
-9.605 -12.924 -36.230
-9.711 -9.830 -32.869
-3.488 16.152 -13.204
-4.785 18.115 -11.462
-3.657 16.362 -9.394
-2.258 16.283 -7.960
1.588 13.744 -9.291
22.852 -1.910 -17.319
20.892 -0.257 -18.005
18.723 -1.248 -16.036
18.364 -3.127 -15.940
16.018 -4.259 -17.760
-7.250 -6.998 -22.591
-10.269 -7.739 -23.677
-9.863 -6.400 -20.382
-10.128 -7.743 -18.922
-10.309 -8.162 -11.820
-6.802 -16.775 35.901
-8.553 -15.240 37.450
-9.458 -17.020 40.290
-11.416 -17.234 40.208
-12.065 -12.285 38.703
-10.820 19.662 32.136
-9.817 17.080 31.245
-11.462 14.773 31.699
-13.196 13.852 31.710
-11.475 11.734 23.951
8.070 -9.513 -44.110
8.951 -11.189 -46.344
8.655 -8.615 -48.383
6.831 -8.004 -48.609
2.375 -9.529 -47.099
-19.810 -12.496 -38.399
24.510 -12.222 -37.293
22.953 -15.024 -36.786
23.568 -16.804 -36.220
21.907 -15.433 -35.562
6.510 0.812 -22.695
4.855 -0.950 -21.528
7.021 -3.274 -22.124
6.762 -3.035 -24.014
3.666 -4.203 -20.704
-17.109 -2.277 8.496
-19.962 -3.346 10.020
-18.786 -1.439 12.404
-17.749 -2.384 13.791
-15.537 -0.011 14.402
-8.968 16.636 21.906
-7.454 17.376 24.363
-6.145 20.039 24.145
-6.048 21.839 23.374
-4.131 18.648 20.401
11.501 -4.324 6.547
14.331 -4.364 6.119
13.388 -1.690 5.466
13.414 0.176 6.085
9.389 1.800 4.814
-22.072 7.623 2.180
2.590 16.120 22.156
-4.893 10.770 -28.238
-3.866 1.774 -42.241
-0.089 -3.551 -4.616
17.979 -11.315 -28.250
-1.043 -12.052 3.222
3.179 -16.936 -1.544
5.308 -11.532 26.437
5.612 3.819 12.804
-3.622 -0.728 -30.883
-3.325 0.427 -10.786
-3.803 -2.987 19.882
-3.819 -7.271 -3.782
11.988 11.239 -33.733
4.885 1.182 -35.252
8.003 -11.299 -15.053
19.004 -12.678 -10.841
-0.299 -7.981 -0.261
1.299 4.217 19.099
-0.699 1.735 18.828
16.970 -12.182 -21.416
3.253 -3.839 -18.550
-5.329 -15.391 27.196
6.948 -7.432 -19.885
-19.147 -2.690 -8.805
-13.270 8.261 5.434
-13.112 -14.776 -33.672
-16.486 -10.057 -27.170
0.262 -16.749 -7.327
16.478 0.978 28.772
1.757 15.049 14.325
-14.867 18.819 27.079
4.264 -8.749 -4.216
0.928 -2.979 11.220
-14.305 -12.003 34.952
4.105 -8.901 10.502
11.788 -11.812 -20.826
-3.123 1.101 19.935
-1.270 -13.158 40.004
12.445 6.261 6.967
-8.813 -1.472 2.738
9.691 7.756 13.251
6.784 -15.759 -5.429
-10.033 -16.553 -33.834
-6.452 10.784 -42.972
-9.147 5.414 -16.566
13.053 7.565 29.900
1.314 -6.581 0.252
15.799 12.047 13.953
5.384 8.637 -13.927
-7.267 12.326 18.953
5.431 8.944 -20.669
10.474 -0.844 -22.698
-16.582 -12.031 14.514
-15.488 4.717 26.613
0.596 3.337 19.489
-13.005 -0.672 -18.081
1.208 12.118 -22.825
6.977 5.286 13.481
10.843 1.000 -22.540
-7.464 15.325 -0.306
-11.797 -3.909 -25.000
9.350 17.070 -40.743
4.226 5.242 -39.227
-8.187 11.085 -6.777
18.561 8.093 38.492
18.383 6.630 4.820
-6.309 3.825 -0.498
15.952 9.590 -30.384
-3.823 8.939 4.888
11.809 -4.679 8.200
-3.001 0.317 19.505
2.292 8.315 -45.035
7.661 -6.394 -33.975
-3.744 1.246 -18.202
-16.232 -0.457 -12.208
-16.352 3.817 47.557
18.260 -9.528 12.405
5.731 6.225 -20.788
-10.676 -7.930 6.116
-11.652 -14.018 28.391
-6.608 -5.956 -2.441
4.785 -2.873 -16.818
13.010 -1.134 18.259
6.449 4.757 33.917
4.586 11.955 27.338
8.260 3.825 6.818
6.601 17.356 -43.094
-13.864 -4.775 26.756
11.417 -4.835 -41.799
15.348 -1.030 -22.377
4.174 8.127 -30.925
13.946 11.326 34.133
11.719 -3.480 -17.645
-11.845 -2.657 -15.871
-12.670 -7.624 -21.758
14.719 8.622 2.078
0.613 -12.911 9.206
16.399 -9.433 -18.293
-0.584 4.650 3.957
9.450 -13.663 24.848
13.305 1.257 3.424
-14.337 0.639 39.455
-1.194 7.553 -11.241
11.641 10.762 33.138
-10.298 11.223 30.227
-4.356 5.997 5.449
6.951 0.059 -8.312
13.399 -14.694 4.317
12.632 -4.765 -5.248
6.878 -1.677 -11.755
-6.044 -2.569 -35.915
-2.015 16.800 30.485
-18.671 -2.783 -4.531
-5.086 -17.177 6.438
-12.888 -2.372 -30.043
-5.213 4.429 -32.245
14.709 -2.156 16.670
9.107 -0.038 -8.103
-7.123 -5.564 -1.254
-14.981 -16.397 36.815
-17.297 -3.263 -2.554
4.706 -7.921 -25.326
16.026 -3.245 22.757
6.074 -5.303 39.687
-11.433 9.450 -22.809
3.468 11.129 -25.427
-3.317 9.946 -2.097
-6.094 -19.611 -18.204
1.816 -9.219 -7.225
13.580 4.886 -16.552
-2.685 -6.194 -8.775
20.925 2.658 7.330
6.715 5.020 -13.720
-15.197 -7.858 -4.747
-20.346 9.495 26.335
-7.378 -6.592 -3.201
4.210 -4.353 26.303
7.974 -15.249 11.094
7.059 4.844 -5.955
10.787 3.981 14.962
-15.393 0.583 -34.538
-12.598 -9.771 -32.996
-11.269 9.992 -33.215
11.023 12.545 22.973
3.938 4.849 -4.060
-17.752 11.303 12.987
3.630 13.632 -6.302
-18.018 -10.420 -23.306
-20.290 9.824 -13.223
-23.791 4.943 13.753
-13.059 -2.744 24.755
-5.867 -4.324 -47.803
19.230 8.538 -43.519
2.646 2.782 -7.586
7.405 -4.013 35.212
20.376 12.825 17.019
9.708 1.637 29.018
-16.813 -10.094 -10.477
1.340 -13.582 -26.415
9.258 10.929 0.826
-5.613 13.183 -23.672
-4.989 5.354 -0.698
6.693 11.190 -13.094
0.588 -6.798 -32.486
-20.029 -12.558 8.955
-12.256 -5.742 -36.952
-3.489 6.012 -17.698
-15.875 -11.971 36.861
-11.934 -4.883 -33.186
10.435 4.166 18.927
-6.681 3.581 -0.933
-9.485 7.448 38.180
-15.055 -1.117 37.343
-0.514 -5.161 -1.630
7.419 -12.789 -37.341
-19.368 -13.062 7.079
-11.463 5.371 6.757
3.207 2.833 -1.384
0.399 -6.018 4.281
0.405 2.650 -21.216
1.167 9.920 25.843
-3.989 -7.266 2.175
3.711 3.949 -22.181
-13.481 1.410 35.052
3.477 1.230 9.713
4.960 6.176 1.815
11.918 15.871 16.258
7.640 -9.947 12.704
-9.190 1.479 24.984
-15.790 -1.690 10.126
-0.384 0.845 -22.777
16.722 -10.917 -22.029
-9.316 -6.838 26.875
-5.245 -7.698 8.876
-2.578 9.334 -14.831
7.444 -15.725 -31.889
0.444 -3.172 22.593
-13.737 0.312 -7.032
-7.614 2.264 1.624
