-9.195 3.292 -16.958
-9.643 3.995 -16.529
-10.036 2.553 -17.382
-9.825 5.947 -14.611
20.643 -17.657 -8.441
21.475 -17.730 -8.680
20.202 -18.768 -8.208
23.481 -16.415 -9.969
-17.911 20.255 -42.370
-18.714 19.841 -42.315
-18.144 1.264 -41.608
-20.179 17.652 -43.844
9.210 -4.095 -17.020
8.496 -3.976 -17.417
9.815 -4.992 -17.607
5.600 -2.508 -17.202
22.492 -13.697 42.224
22.256 -14.568 42.570
23.150 -13.303 43.415
21.524 -17.217 41.501
2.777 11.545 -24.655
3.323 10.865 -24.951
3.947 12.344 -24.468
3.520 8.469 -26.355
-9.416 -20.856 40.381
-10.049 -11.471 40.393
-9.191 -10.621 41.535
-12.280 -6.961 38.999
15.602 -17.986 12.065
16.417 -17.764 11.655
15.854 -17.833 13.283
17.610 -17.383 8.830
-0.765 -6.457 42.674
-0.593 -5.913 42.036
0.241 -7.609 42.424
-1.197 -3.241 41.517
9.601 -6.638 38.013
8.971 -6.677 37.411
8.846 -6.234 39.120
8.061 -7.773 35.056
-16.593 -15.991 20.023
-16.352 -16.328 19.382
-15.700 -16.266 21.072
-17.113 -16.905 16.390
17.885 -15.361 19.925
17.689 -14.918 20.836
17.165 -14.439 19.433
17.654 -14.925 23.546
-15.892 -16.262 -47.411
-16.656 -15.778 -47.307
-15.974 -17.007 -46.194
-18.568 -13.551 -48.825
-12.296 -11.589 -43.777
-12.111 -10.854 -43.431
-12.629 -12.371 -42.885
-11.301 -8.078 -44.337
-21.225 11.218 27.899
-20.619 11.234 27.185
-21.170 12.319 28.375
-19.428 9.501 24.761
3.195 17.333 39.182
-7.338 17.161 39.205
-8.286 17.779 38.019
-23.113 15.980 40.208
12.035 19.909 -9.268
11.840 18.981 -9.444
11.831 19.747 -7.934
11.435 16.751 -11.120
-5.812 -9.938 9.673
-5.677 -10.506 10.393
-7.030 -9.898 9.536
-3.478 -11.823 11.599
7.700 19.596 31.900
6.945 19.203 32.110
3.200 18.446 31.086
22.466 20.052 32.867
5.287 21.509 -29.044
6.026 21.917 -28.534
5.727 11.953 -30.092
7.549 2.479 -26.119
24.559 -20.865 -21.011
13.681 -21.194 -21.110
13.235 -10.494 -19.497
-7.674 -15.866 -23.447
-11.854 7.837 -47.588
-11.492 6.989 -47.405
-12.446 7.761 -46.225
-9.567 4.808 -48.575
-19.253 18.127 -35.051
-19.679 18.046 -35.750
-18.111 19.078 -35.453
-22.427 17.057 -36.240
25.138 10.470 -8.130
12.964 11.065 -8.530
17.599 9.346 -8.358
23.940 13.419 -9.863
18.422 -9.053 13.666
17.861 -9.119 14.374
19.522 -9.894 14.287
15.128 -8.993 15.240
1.836 -3.766 -1.008
1.569 -4.856 0.294
0.157 -6.682 -0.800
2.734 -3.212 0.633
2.893 -3.098 -2.372
-0.562 -6.839 -1.425
3.038 -7.103 -2.600
19.701 9.455 -45.347
21.477 9.849 -46.211
20.661 11.692 -48.242
18.702 9.956 -46.445
21.921 8.269 -44.369
20.701 12.250 -49.443
19.423 9.192 -39.827
-0.252 -21.434 29.660
-2.694 -21.812 28.076
-1.791 -18.345 29.733
-3.127 -19.434 26.767
0.304 -21.457 31.656
0.659 -18.945 30.731
-5.034 -2.610 -42.967
-4.727 -3.533 -44.380
-2.560 -4.779 -43.680
-6.235 -2.258 -44.366
-5.343 -0.777 -42.302
-2.371 -4.963 -44.674
-0.640 -4.218 -41.237
-8.175 6.480 -0.838
-9.896 7.503 -0.714
-11.190 6.799 -3.311
-8.566 5.407 -1.943
-8.965 8.681 0.830
-11.244 6.102 -4.403
-7.312 5.996 -0.634
13.347 -5.286 25.941
13.735 -5.899 28.796
14.683 -5.245 26.993
12.996 -6.088 29.933
13.824 -4.045 24.187
14.217 -6.653 23.823
11.151 -1.312 -22.124
11.780 -1.808 -23.695
12.412 -4.173 -23.053
10.768 -0.059 -23.623
9.944 -0.921 -20.692
13.301 -4.411 -22.837
10.279 -5.090 -18.011
-16.433 -0.741 34.747
-15.942 -1.774 32.979
-13.109 -2.391 34.273
-15.032 -0.426 35.063
-18.291 -1.077 33.504
-11.814 -2.581 34.183
-11.239 -0.998 35.894
12.465 21.301 43.137
10.789 19.103 42.013
12.729 19.698 42.353
10.892 18.137 41.482
13.885 20.014 43.932
14.747 16.881 41.378
-7.334 -17.401 -37.413
-7.123 -18.994 -37.925
-6.591 -18.779 -40.436
-7.473 -18.753 -36.075
-8.088 -15.627 -37.187
-6.603 -18.179 -41.038
-4.348 -16.666 -37.520
-3.397 12.263 5.348
-3.878 14.195 4.944
-1.304 15.190 3.923
-1.898 12.569 5.683
-5.966 13.341 5.881
-1.567 15.698 3.130
-2.118 11.787 -1.983
-21.795 -11.941 -40.111
-24.008 -12.683 -41.746
-21.874 -12.424 -41.805
-25.089 -13.367 -41.675
-19.760 -11.885 -40.606
-18.853 -12.630 -38.671
9.843 -10.117 -29.905
11.358 -10.725 -29.349
12.836 -8.677 -29.152
9.939 -12.102 -29.843
7.988 -9.131 -29.729
13.774 -9.221 -28.763
11.902 -5.985 -26.771
-5.149 13.350 42.362
-5.448 14.629 40.822
-4.542 16.901 42.884
-4.957 14.318 43.443
-6.035 12.074 40.587
-4.435 18.231 43.306
-2.826 13.266 32.882
-2.224 -19.093 -36.956
-0.292 -17.225 -38.100
-2.462 -17.837 -38.142
-0.303 -16.329 -38.885
-3.765 -19.757 -35.760
-3.425 -21.792 -36.568
-10.496 -11.972 20.533
-11.070 -13.476 21.014
-13.559 -13.198 20.804
-9.209 -13.123 21.123
-9.322 -10.820 21.286
-14.162 -12.992 21.507
-13.512 -11.232 18.199
8.134 -7.273 -7.293
7.395 -5.288 -7.238
7.813 -4.090 -9.554
8.210 -7.462 -8.804
6.846 -5.596 -5.209
8.665 -3.988 -9.821
8.750 0.239 -6.904
15.124 18.894 11.940
13.606 17.246 10.074
15.491 17.533 11.071
12.472 17.227 9.296
17.069 18.683 12.645
16.020 17.696 14.436
21.716 -0.567 -31.677
21.315 0.330 -33.035
20.732 -1.591 -34.743
21.868 1.373 -31.492
21.682 -1.757 -30.139
21.352 -1.891 -35.315
19.787 -2.951 -30.728
8.055 8.317 24.229
7.160 9.853 25.293
6.241 11.742 23.534
7.183 8.543 22.912
9.096 8.834 26.427
6.608 12.261 22.621
2.993 11.551 22.507
-25.179 -4.893 5.958
-16.654 -5.442 7.150
-24.582 -6.327 6.522
-21.891 -6.370 7.261
25.668 -4.830 4.920
24.159 -5.347 6.626
-21.154 11.067 -44.005
-19.590 10.450 -43.935
-18.262 12.372 -44.931
-21.000 9.178 -43.590
-22.895 10.602 -43.312
-17.944 12.056 -45.933
-17.609 13.845 -41.061
-0.516 4.048 6.632
0.494 2.731 7.812
-1.884 1.906 9.301
-1.655 4.380 7.423
1.543 2.446 5.773
-2.845 1.764 10.171
-2.834 1.747 7.794
-9.255 16.786 -5.916
-6.971 15.186 -6.568
-8.618 15.271 -5.281
-6.696 14.083 -6.886
-10.254 16.930 -4.037
-12.426 17.107 -4.535
24.599 -5.941 -24.687
24.692 -5.787 -26.409
22.802 -7.264 -27.253
25.872 -4.611 -25.356
25.353 -6.253 -23.017
22.294 -7.921 -27.117
20.426 -7.011 -27.621
14.115 -20.663 -42.566
12.422 -19.734 -41.957
10.531 -21.546 -41.159
14.148 -21.765 -41.510
12.978 -18.526 -43.748
10.137 -22.263 -41.766
6.521 -16.652 -38.428
-9.116 16.152 -14.792
-9.154 15.729 -11.887
-7.909 15.856 -13.586
-9.942 15.811 -10.714
-8.828 17.048 -16.756
-7.481 15.367 -17.697
2.767 -19.555 -19.550
4.042 -19.710 -18.410
5.440 21.442 -19.361
2.738 -20.871 -18.119
0.929 -19.099 -19.616
5.491 20.891 -18.488
6.738 17.821 -17.514
10.216 -12.611 26.657
10.795 -11.377 25.196
12.907 -12.402 23.777
10.597 -14.002 26.016
10.478 -9.739 26.291
13.810 -12.512 24.236
14.927 -9.783 24.957
24.012 -2.870 39.978
21.077 -2.870 40.039
22.632 -4.011 39.960
20.238 -2.434 40.998
26.046 -3.121 40.096
19.846 -3.657 37.728
-7.242 0.834 -6.397
-7.402 0.416 -4.764
-5.442 -1.270 -4.496
-8.654 1.705 -5.442
-8.069 1.855 -7.696
-5.076 -1.944 -4.941
-2.421 -0.632 -0.885
16.502 20.098 35.571
16.765 20.515 37.545
14.789 22.215 38.035
15.679 21.354 35.248
18.270 14.002 37.728
13.911 19.906 37.618
10.282 -19.114 33.803
-19.461 -2.412 -2.544
-17.257 -0.557 -2.459
-18.900 -1.069 -1.510
-16.870 0.556 -3.021
-21.233 -3.472 -2.644
-22.039 -1.639 -2.143
-15.119 -6.241 -38.515
-13.802 -7.015 -39.219
-13.831 -9.284 -38.109
-13.977 -5.138 -39.673
-16.551 -5.110 -38.915
-13.982 -9.628 -37.189
-14.035 -10.210 -39.101
-12.834 -11.733 -19.768
-14.568 -11.028 -20.562
-14.421 -9.558 -22.858
-11.906 -10.968 -20.715
-14.624 -11.632 -17.948
-14.563 -8.559 -23.718
-14.787 -8.408 -23.826
-3.394 -4.297 -29.249
-1.086 -5.049 -30.893
-2.323 -5.660 -29.246
-0.045 -4.520 -31.272
-4.840 -3.695 -27.864
-4.013 -4.750 -25.893
17.080 -10.964 -4.826
17.921 -9.961 -3.663
20.201 -9.665 -4.833
16.237 -10.583 -3.134
15.493 -11.826 -4.718
20.900 -10.260 -4.919
18.314 -9.648 -4.947
-15.173 -17.526 29.390
-17.009 -17.383 30.200
-19.051 -16.904 28.799
-15.578 -16.820 28.009
-16.786 -19.013 31.375
-19.682 -16.873 29.513
-18.583 -16.271 23.424
-6.794 19.648 -11.607
-7.304 -15.923 -9.861
-7.387 -16.613 -11.850
-7.457 -19.989 -10.070
-6.449 20.428 -12.727
-5.648 -17.927 -14.138
-7.810 -19.252 22.637
-8.433 -20.766 22.140
-6.845 -19.068 20.338
-9.463 -19.764 23.410
-8.456 -17.532 23.040
-6.092 -16.393 19.976
-5.581 20.523 21.271
-1.610 -0.301 44.659
-1.874 -0.799 46.642
-0.099 0.193 48.376
-0.773 0.997 44.943
-2.339 -2.646 45.120
0.754 -0.304 48.353
-1.185 -1.952 42.500
-8.587 -8.600 -15.247
-6.175 -6.970 -14.485
-8.361 -7.056 -14.466
-5.970 -5.853 -14.080
-10.792 -8.408 -15.244
-9.890 -10.464 -13.484
6.836 18.010 -11.578
5.540 18.257 -10.455
6.587 17.290 -8.335
5.401 19.002 -12.240
7.300 17.124 -13.129
6.659 16.477 -8.142
8.331 17.960 -7.083
-0.788 21.459 5.193
1.213 21.345 4.897
1.132 20.685 2.109
-1.261 21.707 3.748
1.533 18.426 7.039
0.368 20.512 1.302
1.065 18.967 2.379
-5.207 -17.761 8.960
-4.946 15.391 10.819
-5.005 -17.822 10.705
-4.110 20.138 11.662
-4.757 -20.803 9.197
-6.200 -19.683 7.772
-15.981 -19.628 -9.726
-17.601 -19.687 -10.354
-17.630 -21.980 -11.576
-16.949 -18.045 -9.366
-14.778 -18.938 -8.454
-18.466 -19.193 -12.385
-16.021 21.847 -11.356
-23.367 14.010 2.424
-22.446 12.263 2.063
-21.531 11.442 4.677
-23.586 13.889 3.923
-22.373 13.801 0.206
-20.842 11.962 5.245
-17.541 9.151 7.761
1.502 1.273 31.595
0.044 3.022 33.527
0.252 2.379 31.400
-1.130 3.294 33.575
2.291 0.352 29.862
2.984 3.046 29.918
-25.432 -15.961 -24.390
-21.750 -16.755 -23.031
-22.353 -17.222 -23.788
23.146 -16.491 -22.898
22.442 -15.931 -25.039
-21.837 -17.343 -24.501
-18.978 -14.473 -20.470
24.940 -21.967 -1.249
26.128 19.805 -0.161
-23.109 -19.442 2.326
18.263 -16.273 -0.060
25.306 18.968 -2.377
-25.850 -20.979 2.528
-22.932 -19.671 -2.411
-13.414 3.362 -43.739
-10.966 2.555 -44.664
-10.864 0.858 -47.333
-11.920 0.458 -48.939
-8.098 -1.610 -49.752
14.340 -13.425 -49.145
15.671 -12.588 -46.967
16.997 -14.438 -45.116
17.074 -16.323 -44.576
16.420 -16.628 -38.389
20.870 -13.683 16.316
18.923 -15.601 14.386
20.518 -15.128 12.019
21.946 -14.019 11.218
16.744 -14.193 4.136
-22.755 -15.185 -40.617
-24.046 -17.239 -39.419
25.476 -16.998 -40.905
24.190 -15.712 -40.350
23.794 -13.057 -31.484
17.883 5.900 29.340
19.158 3.876 30.835
16.963 3.419 33.108
15.139 3.679 33.709
12.886 3.100 28.730
-2.627 -11.673 -10.801
-1.941 -10.788 -13.360
-3.648 -11.892 -15.755
-3.222 -13.717 -16.431
-2.252 -13.098 -19.289
9.188 -6.860 -30.495
10.323 -5.096 -32.494
9.180 -6.328 -34.958
7.591 -6.938 -36.002
4.009 -6.718 -32.139
-17.356 -12.205 -2.211
-15.936 -14.319 -3.036
-14.237 -15.819 -0.310
-12.393 -15.824 -0.812
-8.980 -15.335 -1.818
14.722 17.152 -10.860
17.343 -19.411 -10.718
17.435 20.942 -13.373
16.688 19.216 -12.787
15.828 16.659 -8.913
1.643 -0.600 14.313
1.997 2.115 13.561
1.623 2.928 16.485
2.110 2.343 18.324
2.837 3.538 17.083
13.621 6.450 2.480
14.439 8.420 0.519
16.261 6.697 -1.366
16.287 5.446 -2.827
14.295 4.306 -5.317
3.481 4.013 -26.508
2.786 3.455 -29.300
0.899 5.823 -29.589
0.106 7.491 -28.800
1.251 6.894 -19.052
9.510 4.311 47.057
6.868 4.032 46.728
6.983 3.817 43.661
7.536 2.408 42.417
10.331 0.405 39.896
21.122 -14.221 19.364
23.537 -14.417 21.672
22.522 -14.435 18.843
22.895 -16.151 18.018
23.140 -15.728 19.444
8.620 -9.424 38.516
7.699 -12.002 36.515
6.318 -13.103 38.922
5.368 -12.562 40.518
4.764 -12.050 33.147
5.741 -14.804 -23.310
3.871 -17.022 -22.906
4.894 -19.796 -22.255
5.799 -20.197 -23.902
4.917 -16.687 -22.101
-11.234 13.057 -11.555
-11.311 12.408 -8.141
-8.623 10.757 -9.345
-8.949 8.981 -8.667
-8.239 10.565 -2.220
2.305 19.770 40.596
-0.278 21.038 39.083
0.290 18.729 41.139
0.623 18.489 43.045
-1.674 16.167 35.174
-11.718 -7.916 -32.675
-13.537 -5.659 -32.490
-12.044 -5.849 -35.932
-10.127 -5.302 -35.991
-8.531 -4.298 -34.928
-0.495 9.296 -32.699
1.177 10.691 -34.694
0.252 13.519 -35.622
0.024 12.512 -37.268
-3.476 9.387 -36.237
-20.713 -13.081 -28.903
-22.223 -15.003 -27.440
-19.980 -17.254 -27.994
-18.105 -17.034 -27.472
-17.281 -14.665 -22.975
-16.400 -2.641 18.357
-18.646 -2.321 19.963
-18.528 -2.003 22.919
-17.178 -2.278 24.366
-14.336 -0.977 17.108
4.268 19.584 -42.264
2.519 20.335 -40.896
-0.520 21.277 -40.449
-0.311 19.130 -38.488
-1.042 21.121 -29.335
26.005 20.776 38.053
24.119 19.983 36.681
23.002 -20.483 35.354
-25.721 -19.028 36.176
22.575 -16.828 29.039
-5.553 -4.726 -32.951
-7.373 -3.025 -34.320
-6.593 -0.483 -32.924
-5.001 0.504 -32.405
-4.246 -0.631 -26.680
6.100 -19.059 17.175
6.951 -20.895 19.087
5.978 -18.834 21.683
6.537 -16.926 21.748
8.237 -14.583 19.294
10.414 2.676 4.440
10.087 4.789 6.261
12.579 6.433 6.471
14.259 6.554 5.411
14.759 8.383 10.082
11.273 -16.875 39.598
8.702 16.316 39.604
7.711 -21.183 41.369
8.219 -20.838 43.270
9.051 -17.814 40.980
23.379 0.487 20.534
25.235 0.004 18.556
-25.060 0.576 20.401
-24.123 -0.025 22.065
-23.454 -1.838 23.872
-16.891 -6.413 37.279
-17.177 -3.039 37.019
-14.749 -2.638 38.510
-13.274 -3.453 39.432
-13.429 -2.907 35.163
-19.013 -7.652 -3.956
-21.864 -6.488 -2.672
-22.865 -5.785 -5.325
-22.924 -5.871 -7.254
-21.372 -4.784 -8.892
-3.629 11.578 -20.217
-5.841 13.440 -19.827
-7.430 10.939 -18.352
-7.179 9.023 -18.067
-3.971 10.067 -14.458
15.232 19.499 6.403
12.447 19.154 4.340
11.352 21.098 6.344
11.904 19.614 7.895
11.787 21.935 9.676
20.650 19.097 16.672
22.476 19.497 18.917
23.672 21.390 17.087
23.642 -22.503 16.170
21.422 -20.570 17.991
6.502 -11.899 26.105
5.194 -15.035 26.198
7.567 -15.810 28.426
8.680 -16.978 27.301
10.459 -14.265 20.833
21.886 16.609 -35.827
20.603 17.790 -38.168
23.579 18.616 -39.483
25.066 19.265 -38.480
20.210 20.391 -37.713
-23.622 21.597 -24.810
-22.434 19.169 -23.893
-19.318 19.065 -23.667
-17.871 20.435 -23.651
-16.269 18.444 -16.255
-13.531 7.939 38.190
-13.290 6.133 40.371
-10.357 5.228 41.139
-11.192 3.470 40.851
-8.301 1.441 40.756
-23.233 -15.829 38.859
-25.698 -13.713 41.563
-23.803 -16.955 41.230
-24.542 -18.652 41.714
-20.346 -16.746 39.330
12.864 0.588 9.416
11.804 1.373 11.751
9.107 0.229 12.518
8.146 -1.478 12.507
5.474 -0.114 16.875
-5.314 8.187 47.308
-7.177 10.592 48.775
-4.988 12.535 47.233
-3.459 13.094 48.408
-5.253 13.769 41.162
-15.849 14.498 -24.321
-14.999 12.127 -24.913
-17.662 11.007 -26.221
-18.456 11.135 -24.517
-13.809 8.606 -25.091
25.239 -1.497 -31.385
-20.183 -3.776 -32.133
24.126 -5.497 -31.753
22.176 -5.509 -32.110
20.993 -4.908 -23.757
17.299 8.547 37.725
15.436 9.391 35.127
16.264 12.036 36.137
17.636 13.370 36.464
17.878 12.336 26.451
11.015 4.435 -45.233
11.194 1.489 -45.098
8.971 1.804 -46.875
8.118 2.498 -48.532
9.464 4.343 -47.970
14.255 20.696 -36.444
11.562 16.151 -37.474
10.251 -21.576 -36.160
8.853 -19.427 -34.902
10.287 -18.368 -29.198
20.124 9.308 5.352
18.405 9.682 3.200
20.601 8.647 1.580
21.926 7.146 1.365
20.751 8.029 6.233
3.866 14.423 37.760
4.887 16.843 38.304
8.254 15.886 38.662
8.419 15.672 40.592
10.329 11.628 41.820
19.197 -8.609 48.219
-22.725 -8.812 46.118
-23.810 -11.739 47.636
-22.158 -11.407 48.493
-22.404 -8.711 46.107
-21.250 5.173 18.408
-23.035 7.532 17.135
-20.448 9.071 16.555
-18.502 8.935 16.168
-13.096 10.218 10.634
-20.290 9.831 -31.439
24.682 10.991 -29.659
22.322 12.537 -30.819
21.213 12.923 -32.356
21.775 11.578 -34.161
21.601 -5.225 -41.430
22.735 -7.234 -42.888
24.285 -8.453 -40.470
23.804 -9.610 -38.903
24.261 -7.312 -31.455
20.251 17.122 27.449
22.086 18.829 28.834
24.135 18.893 26.754
24.505 19.313 24.855
25.401 18.825 17.081
20.911 12.648 -43.480
23.462 14.539 -44.752
21.342 15.730 -46.690
19.393 16.053 -46.838
15.263 14.208 -45.665
-17.846 -6.726 -25.641
-19.653 -7.224 -27.514
-21.858 -5.742 -25.527
-21.889 -6.307 -23.627
-19.655 -3.691 -19.076
-8.117 11.508 10.969
-7.716 10.344 13.368
-10.731 8.628 13.215
-12.371 9.579 13.256
-11.772 6.373 15.474
-19.827 -12.311 27.315
24.211 -11.940 26.649
21.991 -11.882 28.723
21.635 -11.506 30.613
20.332 -11.619 25.681
22.263 -13.491 -14.524
21.717 -15.390 -16.359
22.386 -18.021 -14.145
24.282 -18.506 -14.359
18.782 -16.001 -15.137
-25.087 14.620 -23.683
-25.679 12.251 -22.622
-23.049 10.658 -23.881
-24.567 10.013 -24.938
-19.009 9.055 -21.785
24.243 11.276 3.763
25.834 11.377 5.953
22.879 13.753 7.895
25.454 15.659 7.791
22.655 14.733 10.103
11.886 5.252 25.399
10.655 2.917 26.125
9.728 3.908 29.088
11.375 3.394 29.939
12.577 1.288 26.924
15.883 -12.346 10.670
16.887 -9.941 9.267
13.653 -8.285 8.968
13.187 -8.045 7.151
13.554 -4.966 8.679
8.536 19.027 27.289
5.304 18.683 26.342
7.077 17.062 23.862
8.812 17.228 22.973
8.464 15.923 15.059
6.410 11.317 -36.824
6.484 7.953 -36.165
8.717 9.150 -33.944
10.063 8.035 -34.631
9.621 7.656 -27.427
-0.700 0.688 36.743
1.349 0.080 39.537
3.644 1.621 37.728
3.286 3.236 36.573
4.038 5.455 33.849
16.713 17.400 8.245
18.295 16.468 10.181
20.623 14.339 8.923
20.405 12.658 9.906
17.514 8.452 10.978
0.615 -17.591 27.395
2.324 -19.677 27.863
2.473 -21.700 25.059
1.624 22.149 25.175
1.401 21.158 17.495
9.135 12.053 -40.342
7.139 14.013 -40.501
7.830 16.039 -37.631
6.775 15.510 -36.056
8.512 13.329 -34.493
17.811 3.509 -27.242
17.613 3.333 -24.382
21.225 3.985 -24.944
22.240 2.321 -25.444
17.113 1.565 -16.792
-21.666 4.396 44.222
-22.430 1.927 46.497
-20.178 3.938 48.154
-18.290 3.261 48.260
-17.290 2.875 42.482
-14.068 -4.090 -11.157
-11.452 -6.278 -11.588
-9.514 -3.978 -11.843
-9.382 -2.037 -12.111
-9.262 1.142 -12.812
-7.119 20.794 -26.589
-9.636 18.715 -28.081
-10.339 20.036 -25.262
-9.683 21.291 -23.979
-8.134 16.994 -19.011
12.904 -15.236 16.308
11.406 -12.989 15.356
12.391 -11.487 18.308
11.351 -12.147 19.854
10.592 -10.922 17.953
-25.656 7.798 0.187
-24.089 9.507 -1.555
-25.663 10.773 -3.901
25.441 11.902 -4.239
23.786 11.303 -5.685
8.441 2.551 -5.886
10.553 0.777 -5.278
8.415 -2.034 -4.565
7.834 -1.971 -2.699
4.853 -1.122 1.950
-16.260 15.294 36.429
-13.703 16.772 38.111
-14.517 19.608 37.663
-16.009 20.905 37.522
-17.520 19.505 33.184
-20.520 12.666 -6.778
-21.991 14.253 -8.410
-22.941 13.206 -11.096
-24.328 12.006 -11.769
-20.603 9.402 -10.126
4.686 -1.147 -0.220
3.692 1.592 0.510
5.480 2.813 2.901
6.044 2.275 4.726
3.851 4.839 7.629
-16.838 16.794 26.395
-16.874 14.518 28.115
-16.018 12.016 27.042
-14.803 10.989 25.890
-15.091 7.834 25.856
-14.544 -8.013 22.875
-12.892 -6.914 20.621
-9.744 -6.629 21.496
-8.995 -4.829 21.825
-8.366 -3.826 15.678
3.667 -2.866 -28.555
1.606 -1.044 -29.180
2.179 -2.152 -31.821
3.028 -3.809 -32.606
3.564 -2.655 -31.655
7.524 3.251 -13.190
10.218 3.817 -13.458
11.221 6.787 -12.807
11.971 6.983 -14.657
10.958 4.451 -17.422
-2.135 -6.396 -35.623
-1.783 -6.993 -38.311
-3.511 -4.509 -39.335
-5.293 -5.092 -38.954
-3.934 -4.016 -38.277
10.556 4.338 -23.339
13.673 4.270 -22.008
12.382 3.406 -19.364
10.711 3.011 -18.445
9.238 0.621 -17.029
-7.189 -16.871 -14.084
-5.431 -19.146 -14.189
-8.335 -20.701 -15.787
-10.088 -20.549 -14.840
-6.869 -17.350 -12.075
22.053 14.182 14.672
22.401 16.001 17.600
23.671 13.856 19.082
21.735 13.987 19.041
16.666 11.946 21.065
-19.884 4.950 39.575
-19.962 7.693 39.828
-19.595 8.923 42.566
-19.348 8.566 44.479
-19.738 6.332 41.024
-21.719 -20.392 9.961
-20.810 -18.588 8.133
-19.477 -19.563 5.531
-17.692 -19.797 6.214
-15.266 -16.730 6.406
3.830 17.522 7.462
1.695 15.973 8.471
-0.875 17.260 8.984
-2.435 18.334 8.385
0.234 19.564 10.879
16.573 19.913 32.298
17.850 21.505 30.289
18.658 -21.795 32.217
19.667 -21.497 33.862
17.357 -19.704 30.932
-7.257 -13.829 11.459
-5.052 -15.651 11.288
-7.088 -18.407 11.660
-7.055 -18.807 13.566
-7.166 -14.602 15.142
2.084 15.995 24.184
0.152 15.148 25.840
-0.159 17.982 25.320
-1.210 19.463 24.567
-0.240 17.575 21.300
1.127 -1.650 4.245
1.564 -2.474 6.678
4.206 -1.867 8.129
6.078 -2.470 8.021
3.821 -1.944 8.729
-13.001 12.565 17.858
-13.245 15.194 15.626
-13.647 17.177 17.887
-14.156 17.379 19.732
-15.843 14.452 20.063
19.566 -19.459 21.500
-25.818 -21.728 22.806
-22.890 -21.903 22.396
-21.119 -21.178 22.207
-19.182 -18.947 18.810
-7.481 -4.407 -16.083
-6.892 -1.742 -16.544
-5.744 -0.643 -19.178
-6.196 -0.357 -21.071
-6.829 -1.023 -21.667
-14.606 2.585 -21.933
-13.413 3.710 -24.190
-10.272 4.126 -24.000
-9.087 5.147 -22.877
-8.324 3.390 -24.557
2.074 -19.180 -41.283
3.533 -18.367 -38.876
3.675 -20.108 -36.343
2.971 -21.742 -35.588
4.708 19.331 -35.878
18.352 -7.423 -31.217
17.455 -6.396 -34.277
15.580 -4.668 -32.661
15.264 -3.821 -30.931
15.649 -1.562 -27.452
10.500 11.888 -2.861
11.125 12.141 -0.081
8.947 13.469 1.681
7.090 13.146 2.100
6.152 12.461 4.217
-3.581 7.270 10.402
-0.391 7.344 11.603
-1.582 7.753 14.330
-3.170 8.311 15.327
-4.169 8.948 16.633
-11.740 2.643 25.719
-12.464 4.987 28.072
-9.448 5.617 28.292
-9.269 4.993 30.093
-12.073 6.512 25.319
-23.628 21.716 -17.205
-23.054 18.981 -19.071
24.230 21.666 -16.674
23.016 20.188 -16.577
23.073 16.759 -11.018
19.128 -0.779 26.585
16.709 -3.238 26.710
14.918 -1.678 28.444
14.250 0.145 28.604
12.717 2.150 22.338
-0.480 12.987 -16.501
2.128 12.903 -17.326
2.685 12.443 -20.441
2.774 10.666 -21.157
5.091 10.133 -14.135
24.136 13.731 32.098
23.850 16.039 33.590
21.793 16.181 35.504
20.770 15.299 36.864
15.486 11.838 28.908
-16.942 -22.400 -37.970
-16.019 -19.747 -37.340
-17.347 -18.356 -34.900
-16.684 -18.150 -33.019
-15.330 -15.054 -29.297
-14.017 11.510 1.400
-13.977 8.548 -0.249
-12.425 11.567 -1.886
-12.858 11.703 -3.763
-15.355 11.062 -4.136
-25.316 2.798 -6.538
-24.128 3.495 -8.787
-23.775 6.356 -9.008
-23.099 8.102 -8.457
-22.922 5.562 -7.965
-17.083 -17.354 -12.318
-14.215 -17.254 -12.925
-13.504 -15.933 -15.700
-14.111 -16.378 -17.528
-11.210 -13.706 -20.308
3.466 3.834 -35.934
5.870 2.227 -37.708
2.846 2.067 -39.534
1.629 0.523 -39.579
4.681 -1.536 -30.288
23.232 -8.343 42.959
21.983 -7.839 39.758
19.587 -6.638 42.207
17.990 -7.611 42.014
15.676 -9.868 40.958
-1.810 -19.652 24.963
-2.023 -17.898 22.966
-3.017 -19.205 19.961
-1.343 -19.050 18.934
-0.104 -18.736 18.380
4.310 -8.722 13.186
